1.801000   0.000001
1.802000   -0.000002
1.803000   -0.000004
1.804000   0.000001
1.805000   0.000001
1.806000   -0.000001
1.807000   0.000001
1.808000   -0.000001
1.809000   0.000002
1.810000   0.000003
1.811000   -0.000004
1.812000   -0.000002
1.813000   0.000001
1.814000   0.000001
1.815000   -0.000001
1.816000   0.000000
1.817000   0.000001
1.818000   -0.000002
1.819000   0.000005
1.820000   0.000002
1.821000   -0.000004
1.822000   0.000001
1.823000   0.000004
1.824000   0.000000
1.825000   0.000001
1.826000   -0.000001
1.827000   -0.000002
1.828000   0.000001
1.829000   0.000001
1.830000   0.000005
1.831000   -0.000004
1.832000   -0.000006
1.833000   0.000012
1.834000   -0.000000
1.835000   -0.000010
1.836000   0.000005
1.837000   0.000003
1.838000   -0.000001
1.839000   -0.000001
1.840000   -1.074279
1.841000   -2.656709
1.842000   -3.164739
1.843000   -3.164484
1.844000   -3.164227
1.845000   -3.163965
1.846000   -3.163700
1.847000   -3.163431
1.848000   -3.163158
1.849000   -3.162883
1.850000   -3.162603
1.851000   -3.162320
1.852000   -3.162033
1.853000   -3.161743
1.854000   -3.161449
1.855000   -3.161151
1.856000   -3.160850
1.857000   -3.160546
1.858000   -3.160238
1.859000   -3.159926
1.860000   -3.159611
1.861000   -3.159293
1.862000   -3.158970
1.863000   -3.158645
1.864000   -3.158316
1.865000   -3.157983
1.866000   -3.157647
1.867000   -3.157308
1.868000   -3.156965
1.869000   -3.156619
1.870000   -3.156269
1.871000   -3.155916
1.872000   -3.155559
1.873000   -3.155199
1.874000   -3.154836
1.875000   -3.154469
1.876000   -3.154099
1.877000   -3.153725
1.878000   -3.153348
1.879000   -3.152968
1.880000   -3.152584
1.881000   -3.152197
1.882000   -3.151807
1.883000   -3.151413
1.884000   -3.151016
1.885000   -3.150616
1.886000   -3.150213
1.887000   -3.149806
1.888000   -3.149395
1.889000   -3.148982
1.890000   -3.148565
1.891000   -3.148145
1.892000   -3.147722
1.893000   -3.147296
1.894000   -3.146866
1.895000   -3.146433
1.896000   -3.145997
1.897000   -3.145557
1.898000   -3.145115
1.899000   -3.144669
1.900000   -3.144220
1.901000   -3.143768
1.902000   -3.143312
1.903000   -3.142854
1.904000   -3.142392
1.905000   -3.141927
1.906000   -3.141459
1.907000   -3.140988
1.908000   -3.140514
1.909000   -3.140036
1.910000   -3.139556
1.911000   -3.139072
1.912000   -3.138586
1.913000   -3.138096
1.914000   -3.137603
1.915000   -3.137107
1.916000   -3.136608
1.917000   -3.136106
1.918000   -3.135601
1.919000   -3.135093
1.920000   -3.134581
1.921000   -3.134067
1.922000   -3.133550
1.923000   -3.133030
1.924000   -3.132506
1.925000   -3.131980
1.926000   -3.131451
1.927000   -3.130919
1.928000   -3.130384
1.929000   -3.129846
1.930000   -3.129304
1.931000   -3.128760
1.932000   -3.128213
1.933000   -3.127664
1.934000   -3.127111
1.935000   -3.126555
1.936000   -3.125996
1.937000   -3.125435
1.938000   -3.124870
1.939000   -3.124303
1.940000   -3.123733
1.941000   -3.123160
1.942000   -3.122584
1.943000   -3.122005
1.944000   -3.121424
1.945000   -3.120839
1.946000   -3.120252
1.947000   -3.119662
1.948000   -3.119069
1.949000   -3.118473
1.950000   -3.117874
1.951000   -3.117273
1.952000   -3.116669
1.953000   -3.116062
1.954000   -3.115453
1.955000   -3.114840
1.956000   -3.114225
1.957000   -3.113607
1.958000   -3.112987
1.959000   -3.112363
1.960000   -3.111737
1.961000   -3.111108
1.962000   -3.110477
1.963000   -3.109843
1.964000   -3.109206
1.965000   -3.108566
1.966000   -3.107924
1.967000   -3.107279
1.968000   -3.106632
1.969000   -3.105981
1.970000   -3.105329
1.971000   -3.104673
1.972000   -3.104015
1.973000   -3.103354
1.974000   -3.102691
1.975000   -3.102025
1.976000   -3.101356
1.977000   -3.100685
1.978000   -3.100012
1.979000   -3.099335
1.980000   -3.098656
1.981000   -3.097975
1.982000   -3.097291
1.983000   -3.096604
1.984000   -3.095915
1.985000   -3.095224
1.986000   -3.094530
1.987000   -3.093833
1.988000   -3.093134
1.989000   -3.092432
1.990000   -3.091728
1.991000   -3.091021
1.992000   -3.090312
1.993000   -3.089601
1.994000   -3.088887
1.995000   -3.088170
1.996000   -3.087451
1.997000   -3.086730
1.998000   -3.086006
1.999000   -3.085280
2.000000   -3.952104
2.001000   -4.818101
2.002000   -4.815720
2.003000   -4.813338
2.004000   -4.810958
2.005000   -4.808577
2.006000   -4.806197
2.007000   -4.803818
2.008000   -4.801439
2.009000   -4.799061
2.010000   -4.796683
2.011000   -4.794306
2.012000   -4.791929
2.013000   -4.789553
2.014000   -4.787178
2.015000   -4.784803
2.016000   -4.782428
2.017000   -4.780054
2.018000   -4.777681
2.019000   -4.775308
2.020000   -4.772936
2.021000   -4.770564
2.022000   -4.768193
2.023000   -4.765822
2.024000   -4.763452
2.025000   -4.761083
2.026000   -4.758714
2.027000   -4.756346
2.028000   -4.753978
2.029000   -4.751611
2.030000   -4.749245
2.031000   -4.746879
2.032000   -4.744514
2.033000   -4.742149
2.034000   -4.739785
2.035000   -4.737422
2.036000   -4.735059
2.037000   -4.732697
2.038000   -4.730336
2.039000   -4.727975
2.040000   -4.725615
2.041000   -4.723256
2.042000   -4.720897
2.043000   -4.718539
2.044000   -4.716181
2.045000   -4.713825
2.046000   -4.711468
2.047000   -4.709113
2.048000   -4.706758
2.049000   -4.704404
2.050000   -4.702051
2.051000   -4.699698
2.052000   -4.697346
2.053000   -4.694994
2.054000   -4.692644
2.055000   -4.690294
2.056000   -4.687945
2.057000   -4.685596
2.058000   -4.683248
2.059000   -4.680901
2.060000   -4.678555
2.061000   -4.676209
2.062000   -4.673864
2.063000   -4.671520
2.064000   -4.669176
2.065000   -4.666833
2.066000   -4.664491
2.067000   -4.662150
2.068000   -4.659810
2.069000   -4.657470
2.070000   -4.655131
2.071000   -4.652792
2.072000   -4.650455
2.073000   -4.648118
2.074000   -4.645782
2.075000   -4.643447
2.076000   -4.641112
2.077000   -4.638778
2.078000   -4.636445
2.079000   -4.634113
2.080000   -4.631782
2.081000   -4.629451
2.082000   -4.627121
2.083000   -4.624792
2.084000   -4.622464
2.085000   -4.620136
2.086000   -4.617810
2.087000   -4.615484
2.088000   -4.613159
2.089000   -4.610834
2.090000   -4.608511
2.091000   -4.606188
2.092000   -4.603866
2.093000   -4.601545
2.094000   -4.599225
2.095000   -4.596906
2.096000   -4.594587
2.097000   -4.592269
2.098000   -4.589952
2.099000   -4.587636
