1.910000   -3.139505
1.920000   -3.134531
1.930000   -3.129256
1.940000   -3.123686
1.950000   -3.117828
1.960000   -3.111692
1.970000   -3.105285
1.980000   -3.098614
1.990000   -3.091687
2.000000   -3.948370
2.010000   -4.796692
2.020000   -4.772945
2.030000   -4.749255
2.040000   -4.725626
2.050000   -4.702062
2.060000   -4.678567
2.070000   -4.655143
2.080000   -4.631795
2.090000   -4.608524
2.100000   -4.585335
2.110000   -4.562228
2.120000   -4.539208
2.130000   -4.516275
2.140000   -4.493432
2.150000   -4.470680
2.160000   -4.448022
2.170000   -4.425459
2.180000   -4.402992
2.190000   -4.380622
2.200000   -4.358351
2.210000   -4.336543
2.220000   -4.317454
2.230000   -4.298152
2.240000   -4.276357
2.250000   -4.254615
2.260000   -4.232929
2.270000   -4.211301
2.280000   -4.189734
2.290000   -4.168229
2.300000   -4.146789
2.310000   -4.125418
2.320000   -4.104117
2.330000   -4.082890
2.340000   -4.061739
2.350000   -4.040666
2.360000   -4.019676
2.370000   -3.998769
2.380000   -3.977950
2.390000   -3.957220
2.400000   -3.936582
2.410000   -3.916039
2.420000   -3.895593
2.430000   -3.875247
2.440000   -3.855003
2.450000   -3.834864
2.460000   -3.814831
2.470000   -3.794907
2.480000   -3.775094
2.490000   -3.755393
2.500000   -3.735807
2.510000   -3.716337
2.520000   -3.696985
2.530000   -3.677753
2.540000   -3.658641
2.550000   -3.639652
2.560000   -3.620785
2.570000   -3.602043
2.580000   -3.583426
2.590000   -3.564935
2.600000   -3.546570
2.610000   -3.528332
2.620000   -3.510221
2.630000   -3.492237
2.640000   -3.474380
2.650000   -3.456650
2.660000   -3.439047
2.670000   -3.421569
2.680000   -3.404217
2.690000   -3.386988
2.700000   -3.369883
2.710000   -3.352898
2.720000   -3.336033
2.730000   -3.319286
2.740000   -3.302654
2.750000   -3.286135
2.760000   -3.269726
2.770000   -3.253423
2.780000   -3.237224
2.790000   -3.221124
2.800000   -3.205119
2.810000   -3.189203
2.820000   -3.173373
2.830000   -3.157621
2.840000   -3.141941
2.850000   -3.126328
2.860000   -3.110773
2.870000   -3.095273
2.880000   -3.079836
2.890000   -3.064483
2.900000   -3.049226
2.910000   -3.034065
2.920000   -3.019000
2.930000   -3.004029
2.940000   -2.989153
2.950000   -2.974372
2.960000   -2.959684
2.970000   -2.945089
2.980000   -2.930587
2.990000   -2.916178
3.000000   -2.901860
3.010000   -2.887634
3.020000   -2.873499
3.030000   -2.859455
3.040000   -2.845501
3.050000   -2.831637
3.060000   -2.817862
3.070000   -2.804175
3.080000   -2.790577
3.090000   -2.777067
3.100000   -2.763645
3.110000   -2.750309
3.120000   -2.737060
3.130000   -2.723897
3.140000   -2.710820
3.150000   -2.697827
3.160000   -2.684920
3.170000   -2.672096
3.180000   -2.659356
3.190000   -2.646700
3.200000   -2.634126
3.210000   -2.621634
3.220000   -2.609225
3.230000   -2.596896
3.240000   -2.584649
3.250000   -2.572482
3.260000   -2.560395
3.270000   -2.548388
3.280000   -2.536459
3.290000   -2.524609
3.300000   -2.512837
3.310000   -2.501143
3.320000   -2.489526
3.330000   -2.477986
3.340000   -2.466522
3.350000   -2.455134
3.360000   -2.443821
3.370000   -2.432583
3.380000   -2.421419
3.390000   -2.410329
3.400000   -2.399313
3.410000   -2.388370
3.420000   -2.377499
3.430000   -2.366701
3.440000   -2.355974
3.450000   -2.345318
3.460000   -2.334733
3.470000   -2.324218
3.480000   -2.313773
3.490000   -2.303398
3.500000   -2.293091
3.510000   -2.282853
3.520000   -2.272683
3.530000   -2.262581
3.540000   -2.252545
3.550000   -2.242577
3.560000   -2.232674
3.570000   -2.223653
3.580000   -2.236701
3.590000   -2.249455
3.600000   -2.240653
3.610000   -2.231835
3.620000   -2.223068
3.630000   -2.214352
3.640000   -2.205686
3.650000   -2.197069
3.660000   -2.188501
3.670000   -2.179982
3.680000   -2.171511
3.690000   -2.163088
3.700000   -2.154712
3.710000   -2.146382
3.720000   -2.138099
3.730000   -2.129861
3.740000   -2.121669
3.750000   -2.113522
3.760000   -2.105419
3.770000   -2.097360
3.780000   -2.089345
3.790000   -2.081373
3.800000   -2.073444
3.810000   -2.065558
3.820000   -2.057713
3.830000   -2.049911
3.840000   -2.042150
3.850000   -2.034431
3.860000   -2.026752
3.870000   -2.019114
3.880000   -2.011516
3.890000   -2.003957
3.900000   -1.996439
3.910000   -1.988959
3.920000   -1.981519
3.930000   -1.974117
3.940000   -1.966754
3.950000   -1.959429
3.960000   -1.952142
3.970000   -1.944892
3.980000   -1.937679
3.990000   -1.930504
4.000000   -1.968388
4.010000   -2.006617
4.020000   -2.000169
4.030000   -1.993755
4.040000   -1.987376
4.050000   -1.981030
4.060000   -1.974718
4.070000   -1.968440
4.080000   -1.962194
4.090000   -1.955982
4.100000   -1.949802
4.110000   -1.943654
4.120000   -1.937538
4.130000   -1.931455
4.140000   -1.925403
4.150000   -1.919382
4.160000   -1.913392
4.170000   -1.907433
4.180000   -1.901505
4.190000   -1.895607
4.200000   -1.889740
4.210000   -1.883902
4.220000   -1.878094
4.230000   -1.872316
4.240000   -1.866567
4.250000   -1.860847
4.260000   -1.855155
4.270000   -1.849493
4.280000   -1.843858
4.290000   -1.838252
4.300000   -1.832674
4.310000   -1.827124
4.320000   -1.821602
4.330000   -1.816106
4.340000   -1.810638
4.350000   -1.805197
4.360000   -1.799783
4.370000   -1.794396
4.380000   -1.789034
4.390000   -1.783699
4.400000   -1.778390
4.410000   -1.773107
4.420000   -1.767850
4.430000   -1.762618
4.440000   -1.757411
4.450000   -1.752230
4.460000   -1.747073
4.470000   -1.741942
4.480000   -1.736834
4.490000   -1.731752
4.500000   -1.726693
4.510000   -1.721659
4.520000   -1.716649
4.530000   -1.711662
4.540000   -1.706699
4.550000   -1.701759
4.560000   -1.696843
4.570000   -1.691950
4.580000   -1.687080
4.590000   -1.682233
4.600000   -1.677408
4.610000   -1.672606
4.620000   -1.667826
4.630000   -1.663068
4.640000   -1.658333
4.650000   -1.653619
4.660000   -1.648927
4.670000   -1.644257
4.680000   -1.639608
4.690000   -1.634981
4.700000   -1.630375
4.710000   -1.625790
4.720000   -1.621225
4.730000   -1.616682
4.740000   -1.612159
4.750000   -1.607657
4.760000   -1.603175
4.770000   -1.598714
4.780000   -1.594272
4.790000   -1.589851
4.800000   -1.585449
4.810000   -1.581068
4.820000   -1.576706
4.830000   -1.572363
4.840000   -1.568040
4.850000   -1.563736
4.860000   -1.559451
4.870000   -1.555185
4.880000   -1.550938
4.890000   -1.546710
4.900000   -1.542500
4.910000   -1.538309
4.920000   -1.534136
4.930000   -1.529982
4.940000   -1.525846
4.950000   -1.521728
4.960000   -1.517628
4.970000   -1.513546
4.980000   -1.509482
4.990000   -1.505435
